50
24
2 17 6
0
0
1 19
0
2 22 8
2 11 20
2 3 10
0
2 16 23
0
2 13 24
0
2 5 7
0
0
0
0
0
2 15 1
2 2 12
0
2 18 21
2 9 4
24
2 6 15
0
1 22
2 2 8
0
0
0
2 7 21
2 17 23
0
2 3 22
0
0
0
2 10 9
2 13 1
0
2 24 19
2 14 11
0
2 12 18
1 20
2 5 4
0
24
1 19
1 14
2 16 24
1 23
0
0
2 4 17
1 14
1 15
1 19
1 15
2 18 13
1 6
0
0
1 5
1 23
1 6
0
2 1 10
2 9 11
2 8 2
0
1 5
25
1 9
1 9
1 9
1 9
1 9
1 9
1 9
1 9
0
1 9
1 9
1 9
1 9
1 9
1 9
1 9
1 9
1 9
1 9
1 9
1 9
1 9
1 9
1 9
1 9
25
1 6
1 5
1 9
1 21
1 3
1 16
1 12
1 2
1 18
1 1
1 23
1 19
0
1 10
1 14
1 24
1 7
1 4
1 13
1 8
1 22
1 15
1 20
1 25
1 17
25
1 25
1 10
1 5
1 2
1 7
1 14
1 4
1 19
0
1 12
1 8
1 20
1 6
1 11
1 1
1 17
1 13
1 3
1 23
1 16
2 18 9
1 24
1 15
1 9
1 22
25
0
0
0
1 20
1 19
2 16 17
2 10 4
1 2
0
1 15
2 22 1
2 5 8
2 25 14
2 7 18
0
1 24
2 9 3
2 21 11
0
0
1 23
0
0
0
2 12 6
25
1 7
1 7
2 22 25
1 20
1 21
1 7
0
1 16
2 11 17
1 15
2 18 10
1 7
2 9 3
1 7
1 7
1 7
2 5 4
1 12
1 1
1 7
1 7
2 24 19
2 6 14
1 2
2 8 23
24
1 11
1 21
1 11
1 5
1 24
1 15
1 12
1 17
1 3
1 1
0
1 23
2 16 4
1 10
1 8
1 22
1 19
1 14
1 2
1 7
1 9
1 6
1 18
1 20
20
0
0
0
0
0
10 1 4 13 17 2 8 5 14 3 11
10 1 4 13 17 2 8 5 14 3 11
0
10 1 4 13 17 2 8 5 14 3 11
10 1 4 13 17 2 8 5 14 3 11
0
10 1 4 13 17 2 8 5 14 3 11
0
0
10 1 4 13 17 2 8 5 14 3 11
10 1 4 13 17 2 8 5 14 3 11
0
10 1 4 13 17 2 8 5 14 3 11
10 1 4 13 17 2 8 5 14 3 11
10 1 4 13 17 2 8 5 14 3 11
50
0
0
0
2 1 27
2 48 11
0
0
0
2 3 45
0
2 16 36
0
2 35 9
0
2 37 4
0
0
2 39 24
2 33 23
2 14 26
0
2 43 31
2 2 18
2 10 30
1 12
2 32 19
2 21 5
2 49 22
0
2 8 44
2 29 25
0
0
0
0
2 46 28
0
0
0
0
2 38 42
2 7 13
0
2 40 15
2 17 47
0
2 6 50
0
0
2 34 20
50
2 29 37
0
0
0
0
0
2 36 38
2 48 28
2 5 43
0
0
0
2 10 1
0
0
0
0
2 16 46
0
2 23 41
2 11 25
0
0
0
2 22 50
2 15 32
2 44 21
2 24 7
0
2 39 13
2 12 45
2 2 9
0
0
0
1 38
2 14 27
1 33
0
2 17 18
2 35 26
2 34 8
2 4 49
0
2 19 20
2 47 30
0
0
2 6 40
2 3 42
48
0
1 47
2 38 27
1 25
2 28 15
0
0
1 7
2 29 32
2 33 11
1 30
1 22
2 17 40
2 43 20
1 1
2 39 12
1 6
0
1 25
1 18
1 37
0
0
1 48
0
1 37
1 36
1 1
1 23
0
2 26 21
1 23
1 30
1 7
2 45 2
0
0
1 36
1 22
1 6
2 19 4
2 44 24
1 18
1 48
1 47
2 34 8
0
0
50
1 41
1 41
1 41
1 41
1 41
1 41
1 41
1 41
1 41
1 41
1 41
1 41
1 41
1 41
1 41
1 41
1 41
1 41
1 41
1 41
1 41
1 41
1 41
1 41
1 41
1 41
1 41
1 41
1 41
1 41
1 41
1 41
1 41
1 41
1 41
1 41
1 41
1 41
1 41
1 41
0
1 41
1 41
1 41
1 41
1 41
1 41
1 41
1 41
1 41
50
1 19
1 35
1 16
1 3
1 48
1 27
1 15
1 37
1 21
1 6
1 34
1 9
1 8
1 4
1 38
1 17
1 18
1 31
1 20
1 45
1 29
1 44
0
1 13
1 47
1 49
1 2
1 14
1 39
1 42
1 11
1 24
1 1
1 50
1 26
1 40
1 28
1 22
1 25
1 43
1 33
1 5
1 30
1 32
1 36
1 10
1 41
1 23
1 7
1 12
50
1 8
1 17
1 25
1 18
1 11
1 12
1 45
1 48
1 40
1 22
1 23
1 1
1 34
1 49
1 36
0
1 26
1 2
1 35
1 43
1 28
1 16
1 19
1 32
1 24
1 9
1 4
1 20
1 10
1 6
1 5
1 7
1 13
1 29
1 3
1 50
1 47
1 21
1 15
1 38
1 46
2 39 16
1 31
1 27
1 41
1 14
1 30
1 33
1 37
1 44
50
2 21 32
0
0
2 38 24
1 43
2 39 28
0
2 9 10
1 3
1 17
2 20 30
0
2 36 27
0
2 1 6
0
0
2 31 42
2 34 35
0
2 45 40
0
1 26
1 7
0
0
1 12
2 48 11
0
0
2 8 4
2 5 47
1 2
1 41
2 37 50
1 16
0
1 14
2 33 23
1 25
0
2 13 19
0
0
1 22
2 18 15
2 29 44
1 49
0
0
50
2 27 34
1 13
1 13
2 29 2
1 13
2 18 48
2 26 39
2 22 16
1 13
1 13
1 13
1 33
0
1 13
2 35 43
2 19 4
1 30
1 31
1 11
1 13
2 6 15
2 42 17
1 46
2 50 12
2 1 24
2 32 41
1 10
2 7 8
1 13
1 13
1 13
1 38
1 13
1 9
1 5
1 13
2 28 44
1 13
2 40 23
1 14
1 36
1 3
2 47 20
2 25 21
1 13
1 13
1 13
1 49
1 13
1 45
50
1 14
1 34
1 9
1 19
1 22
1 48
1 8
1 11
1 5
1 13
1 6
1 29
1 7
1 44
1 27
1 33
1 32
1 43
1 12
1 45
1 41
1 26
1 35
1 4
0
1 39
1 50
2 31 1
1 36
1 24
1 21
1 38
1 20
1 10
1 18
1 15
1 23
1 3
1 37
1 47
1 16
1 2
1 49
1 30
1 40
1 25
1 17
1 46
1 25
1 42
50
0
10 30 26 20 11 39 7 46 21 33 37
10 16 35 14 13 29 24 38 22 6 12
0
10 30 26 20 11 39 7 46 21 33 37
10 23 1 42 4 15 9 44 49 10 17
10 27 31 18 40 19 3 45 48 32 43
10 30 26 20 11 39 7 46 21 33 37
0
0
10 27 31 18 40 19 3 45 48 32 43
10 23 1 42 4 15 9 44 49 10 17
10 23 1 42 4 15 9 44 49 10 17
10 23 1 42 4 15 9 44 49 10 17
0
10 23 1 42 4 15 9 44 49 10 17
0
10 16 35 14 13 29 24 38 22 6 12
10 16 35 14 13 29 24 38 22 6 12
10 27 31 18 40 19 3 45 48 32 43
10 27 31 18 40 19 3 45 48 32 43
10 23 1 42 4 15 9 44 49 10 17
0
10 23 1 42 4 15 9 44 49 10 17
10 30 26 20 11 39 7 46 21 33 37
10 27 31 18 40 19 3 45 48 32 43
10 16 35 14 13 29 24 38 22 6 12
10 30 26 20 11 39 7 46 21 33 37
10 23 1 42 4 15 9 44 49 10 17
10 27 31 18 40 19 3 45 48 32 43
10 16 35 14 13 29 24 38 22 6 12
10 16 35 14 13 29 24 38 22 6 12
10 27 31 18 40 19 3 45 48 32 43
10 30 26 20 11 39 7 46 21 33 37
10 23 1 42 4 15 9 44 49 10 17
10 30 26 20 11 39 7 46 21 33 37
10 27 31 18 40 19 3 45 48 32 43
10 23 1 42 4 15 9 44 49 10 17
10 27 31 18 40 19 3 45 48 32 43
10 16 35 14 13 29 24 38 22 6 12
10 30 26 20 11 39 7 46 21 33 37
0
10 16 35 14 13 29 24 38 22 6 12
0
10 16 35 14 13 29 24 38 22 6 12
10 27 31 18 40 19 3 45 48 32 43
10 30 26 20 11 39 7 46 21 33 37
10 16 35 14 13 29 24 38 22 6 12
0
10 30 26 20 11 39 7 46 21 33 37
5
1 4
0
1 1
0
2 3 4
5
1 2
1 3
0
0
2 1 2
5
1 4
0
2 1 5
0
1 4
5
1 4
1 1
2 1 5
0
0
5
0
2 3 1
0
0
2 2 1
40
1 4
2 1 12
1 6
0
1 38
2 10 29
0
0
0
0
1 23
0
1 14
0
2 6 32
0
4 40 1 23 5
1 23
0
0
0
1 38
0
0
4 33 11 40 13
2 8 11
0
2 27 39
1 4
0
1 27
0
0
4 19 24 17 28
2 40 19
0
0
2 8 1
2 27 19
3 29 1 36
43
2 27 4
3 32 36 11
2 29 11
0
1 36
0
1 9
2 35 18
1 6
1 41
0
2 18 6
0
2 3 19
0
4 34 37 35 23
1 7
0
1 43
1 4
3 39 20 33
1 4
0
0
1 3
2 10 34
1 28
0
0
0
1 22
1 38
1 28
0
0
1 28
1 34
1 6
0
3 35 22 28
2 18 23
0
0
40
2 20 27
1 20
0
1 21
4 19 28 26 4
0
0
1 7
0
3 31 18 14
0
0
3 40 9 19
1 40
1 17
4 40 20 13 19
0
2 27 30
0
0
1 3
0
0
1 9
2 11 19
0
1 40
0
1 26
0
0
5 20 11 9 17 15
1 6
1 8
1 3
0
0
2 9 19
1 29
0
42
0
0
2 12 29
2 25 31
0
1 21
0
2 31 34
0
1 22
0
1 40
1 20
1 35
0
2 11 5
3 27 37 30
4 13 14 42 31
0
0
0
0
2 11 21
2 35 7
1 35
3 7 15 37
2 35 21
0
0
0
2 27 11
1 15
1 24
1 23
1 22
1 35
1 40
3 34 29 1
0
0
0
1 5
50
0
0
0
0
2 29 25
2 20 4
1 26
1 45
0
1 20
0
3 25 9 50
0
2 15 21
0
3 1 49 32
0
1 19
3 46 26 31
0
0
0
0
3 19 30 48
5 29 7 23 32 43
0
1 23
0
0
1 43
2 2 20
0
1 4
0
6 40 11 2 14 19 8
1 50
1 42
2 13 28
3 45 28 3
0
0
0
0
1 48
0
0
2 38 19
1 21
0
1 22
49
0
0
1 28
0
2 46 42
1 19
0
0
1 2
1 38
0
0
1 46
1 49
1 44
1 1
3 32 14 45
0
1 2
2 46 24
0
2 10 47
2 16 46
1 19
1 10
1 12
1 40
2 45 7
1 5
0
0
3 28 27 11
0
2 33 7
1 39
4 2 28 39 48
0
1 11
1 48
0
4 37 6 49 47
0
2 6 28
0
0
0
1 37
0
3 24 37 48
45
1 18
0
1 36
0
1 15
0
1 2
0
0
2 41 15
1 4
1 4
2 1 15
2 36 25
1 33
4 8 20 9 44
1 3
0
0
1 37
3 18 10 7
1 12
0
0
1 4
1 31
3 37 35 41
2 32 27
3 1 10 36
3 14 5 37
0
2 20 26
0
1 7
1 33
1 4
1 40
1 44
1 23
0
0
1 40
0
0
0
40
0
3 38 36 37
0
0
0
0
0
0
0
0
0
0
1 21
3 10 20 23
1 28
1 26
1 30
1 30
0
0
0
1 2
1 31
0
0
1 5
1 32
0
2 7 16
2 13 25
0
1 28
1 9
0
2 16 21
2 19 25
0
0
0
1 6
45
1 16
1 41
1 16
0
1 10
0
0
1 3
0
0
1 15
0
1 4
2 40 15
0
0
4 12 16 44 36
0
1 27
0
0
1 18
1 26
0
2 29 26
0
2 18 31
2 4 36
0
0
0
0
1 24
0
0
1 3
1 20
0
0
2 27 20
0
2 37 38
0
1 18
0
48
0
0
1 10
1 39
0
0
1 6
0
0
0
1 12
2 30 46
1 18
0
1 37
1 29
1 19
0
0
0
0
0
2 5 32
1 11
2 41 42
1 2
1 11
1 18
1 30
0
0
3 14 13 24
2 20 45
0
0
0
2 21 27
0
1 30
0
1 1
1 44
2 45 18
0
0
0
0
1 4
41
1 2
0
4 12 17 35 31
0
1 29
0
1 29
2 35 7
0
0
0
1 14
1 40
0
1 23
0
0
3 27 41 5
1 21
0
0
1 17
0
0
0
0
0
1 5
0
3 19 5 10
0
0
0
0
0
0
3 32 5 7
0
1 34
2 35 24
0
49
1 32
2 38 39
0
0
1 39
3 49 25 24
0
3 20 16 5
0
0
0
0
2 24 40
1 12
0
0
0
0
0
0
1 43
1 7
1 3
0
0
0
1 3
1 15
0
0
0
0
1 7
1 27
1 9
1 25
2 49 25
0
0
1 18
0
4 15 4 35 46
0
0
1 38
1 44
0
1 9
0
45
0
0
1 21
1 35
0
2 45 25
0
1 40
0
0
0
1 2
1 4
0
0
0
3 42 7 35
0
0
2 39 16
0
2 30 16
1 12
1 39
0
2 25 42
0
0
2 44 11
0
0
0
0
1 12
0
4 28 17 44 4
0
1 25
0
0
1 22
1 39
1 22
0
1 40
48
0
0
0
0
0
1 5
0
0
1 17
3 26 46 9
1 12
0
0
4 6 5 3 16
0
0
0
1 21
0
0
2 17 32
1 26
1 25
2 12 21
0
1 7
0
0
3 2 38 30
0
1 34
0
0
0
0
1 20
0
0
3 10 21 30
0
0
0
1 40
1 37
1 12
1 6
1 31
1 19
47
0
0
0
2 26 33
1 38
0
0
1 27
0
1 22
0
2 6 37
0
1 24
0
0
1 3
2 47 29
0
0
0
0
3 31 21 37
0
2 13 20
0
0
0
2 27 28
0
1 30
1 39
0
0
2 16 33
0
0
1 28
1 15
1 15
0
1 15
2 6 27
0
1 14
1 27
1 6
47
1 45
1 46
1 45
0
1 16
0
0
0
1 21
1 21
0
0
1 30
0
0
1 17
1 40
1 41
1 36
0
0
0
0
1 15
2 4 21
3 3 23 9
1 12
0
2 40 13
0
1 19
1 5
0
0
2 23 47
0
1 22
3 31 4 19
0
0
0
0
0
1 15
0
2 23 10
0
45
1 16
0
0
1 40
0
1 5
0
0
4 13 34 24 7
0
1 7
0
0
1 31
1 24
0
1 34
0
0
1 2
0
1 13
1 38
2 2 10
1 2
1 6
0
1 7
0
3 19 5 26
0
2 27 25
1 29
0
1 39
0
1 27
0
2 2 12
0
0
0
1 2
0
0
40
1 14
2 40 29
1 39
0
0
0
0
1 6
0
0
0
0
1 23
0
2 34 36
2 4 29
0
0
2 20 13
0
1 6
1 6
0
0
0
0
1 11
0
1 23
2 17 37
0
0
2 17 23
0
2 39 14
1 20
1 14
1 35
1 9
0
44
0
0
0
0
1 22
1 35
0
1 34
0
0
0
0
0
0
0
1 23
1 37
0
0
2 28 3
0
0
0
0
0
0
1 14
0
0
1 32
0
0
0
0
1 13
0
0
2 39 29
1 1
0
0
0
0
1 38
40
0
0
0
0
2 36 21
1 18
1 31
1 17
1 32
0
0
0
0
1 19
0
1 13
0
0
0
0
0
0
0
1 36
1 36
0
1 7
0
1 7
1 20
0
0
0
0
0
0
0
0
0
0
49
0
0
0
1 39
2 8 44
2 27 21
0
1 37
0
0
0
0
1 5
0
2 30 31
1 29
0
0
1 24
0
0
0
0
0
1 1
0
0
0
0
0
0
0
0
0
0
0
0
0
1 41
0
0
0
0
0
0
0
3 3 20 11
0
0
41
0
0
1 6
0
0
0
0
0
2 20 26
1 24
0
0
0
0
0
0
0
2 35 7
0
0
0
0
0
1 40
1 37
1 3
0
1 33
0
1 38
0
0
1 38
0
1 14
0
0
0
0
0
0
41
0
0
0
1 12
0
0
0
2 36 38
0
1 13
1 6
0
0
0
0
1 15
0
1 19
0
0
0
1 40
2 35 36
0
0
0
1 33
0
1 39
0
0
0
0
0
0
1 32
0
0
0
0
0
49
0
0
1 15
0
0
0
0
0
0
0
0
0
1 20
0
0
0
0
0
0
0
0
0
0
0
0
0
0
0
1 34
2 34 28
0
3 37 28 39
0
0
0
0
0
0
0
2 9 22
2 32 2
2 3 39
0
0
1 33
0
0
0
1 9
49
0
0
0
0
0
1 41
0
1 26
1 7
0
0
1 49
0
1 2
0
0
0
0
0
1 11
0
0
1 39
0
0
0
0
0
0
1 43
0
1 2
0
2 16 15
0
0
1 43
0
0
0
0
0
0
1 27
0
0
1 38
2 33 37
0
