100
3 8
5 6 9 4 8 2 1 7
3 1
2
3 100
2 4 8 16 32 64 128 256 512 1024 2048 4096 8192 16384 32768 65536 131072 262144 524288 1000000 1000000 1000000 1000000 1000000 1000000 1000000 1000000 1000000 1000000 1000000 1000000 1000000 1000000 1000000 1000000 1000000 1000000 1000000 1000000 1000000 1000000 1000000 1000000 1000000 1000000 1000000 1000000 1000000 1000000 1000000 1000000 1000000 1000000 1000000 1000000 1000000 1000000 1000000 1000000 1000000 1000000 1000000 1000000 1000000 1000000 1000000 1000000 1000000 1000000 1000000 1000000 1000000 1000000 1000000 1000000 1000000 1000000 1000000 1000000 1000000 1000000 1000000 1000000 1000000 1000000 1000000 1000000 1000000 1000000 1000000 1000000 1000000 1000000 1000000 1000000 1000000 1000000 1000000 1000000 1000000
3 100
1 4 4 4 4 4 4 4 4 4 4 4 4 4 4 4 4 4 4 4 4 4 4 4 4 4 4 4 4 4 4 4 4 4 4 4 4 4 4 4 4 4 4 4 4 4 4 4 4 4 4 4 4 4 4 4 4 4 4 4 4 4 4 4 4 4 4 4 4 4 4 4 4 4 4 4 4 4 4 4 4 4 4 4 4 4 4 4 4 4 4 4 4 4 4 4 4 4 4 4
1000000 1
1000000
2 20
1000000 1000000 1000000 1000000 1000000 1000000 1000000 1000000 1000000 1000000 1000000 1000000 1000000 1000000 1000000 1000000 1000000 1000000 1000000 1000000
3 5
11 20 60 22 100
2 21
1000000 1000000 1000000 1000000 1000000 1000000 1000000 1000000 1000000 1000000 1000000 1000000 1000000 1000000 1000000 1000000 1000000 1000000 1000000 1000000 1000000
2 100
1000000 1000000 1000000 1000000 1000000 1000000 1000000 1000000 1000000 1000000 1000000 1000000 1000000 1000000 1000000 1000000 1000000 1000000 1000000 1000000 1000000 1000000 1000000 1000000 1000000 1000000 1000000 1000000 1000000 1000000 1000000 1000000 1000000 1000000 1000000 1000000 1000000 1000000 1000000 1000000 1000000 1000000 1000000 1000000 1000000 1000000 1000000 1000000 1000000 1000000 1000000 1000000 1000000 1000000 1000000 1000000 1000000 1000000 1000000 1000000 1000000 1000000 1000000 1000000 1000000 1000000 1000000 1000000 1000000 1000000 1000000 1000000 1000000 1000000 1000000 1000000 1000000 1000000 1000000 1000000 1000000 1000000 1000000 1000000 1000000 1000000 1000000 1000000 1000000 1000000 1000000 1000000 1000000 1000000 1000000 1000000 1000000 1000000 1000000 1000000
3 5
27 729 9 243 81
2 19
1000000 1000000 1000000 1000000 1000000 1000000 1000000 1000000 1000000 1000000 1000000 1000000 1000000 1000000 1000000 1000000 1000000 1000000 1000000
1 100
2 2 2 2 2 2 2 2 2 2 2 2 2 2 2 2 2 2 2 2 2 2 2 2 2 2 2 2 2 2 2 2 2 2 2 2 2 2 2 2 2 2 2 2 2 2 2 2 2 2 2 2 2 2 2 2 2 2 2 2 2 2 2 2 2 2 2 2 2 2 2 2 2 2 2 2 2 2 2 2 2 2 2 2 2 2 2 2 2 2 2 2 2 2 2 2 2 2 2 2
1 100
1000000 1000000 1000000 1000000 1000000 1000000 1000000 1000000 1000000 1000000 1000000 1000000 1000000 1000000 1000000 1000000 1000000 1000000 1000000 1000000 1000000 1000000 1000000 1000000 1000000 1000000 1000000 1000000 1000000 1000000 1000000 1000000 1000000 1000000 1000000 1000000 1000000 1000000 1000000 1000000 1000000 1000000 1000000 1000000 1000000 1000000 1000000 1000000 1000000 1000000 1000000 1000000 1000000 1000000 1000000 1000000 1000000 1000000 1000000 1000000 1000000 1000000 1000000 1000000 1000000 1000000 1000000 1000000 1000000 1000000 1000000 1000000 1000000 1000000 1000000 1000000 1000000 1000000 1000000 1000000 1000000 1000000 1000000 1000000 1000000 1000000 1000000 1000000 1000000 1000000 1000000 1000000 1000000 1000000 1000000 1000000 1000000 1000000 1000000 1000000
3 4
1 6 12 49
2 6
9 64 19 16 81 80
208704 49
236562 562830 51521 291022 532488 13833 611058 636806 229563 113669 31082 188007 326719 293127 70440 81877 744322 666635 18564 91239 29765 969297 853578 311611 86173 41 685455 130762 188185 55197 897777 180212 617976 628687 9013 448392 760099 168695 51652 863417 262970 30887 57424 58561 246287 230983 961016 19285 26387
20254 44
407079 170936 942381 996107 33484 777529 40631 805077 373492 19064 10636 446673 258317 915114 307113 467 391214 665725 70 744375 305164 351550 464219 13918 316479 659366 299709 986239 804457 268480 468491 54325 38967 597139 136446 83 144187 236614 407908 17943 559000 404402 3227 410936
45035 42
974622 750853 41309 145821 6149 334165 448500 107346 19118 6440 545221 554705 568951 872730 507269 30695 683572 361199 11673 241153 282049 773560 12981 11278 1289 512454 116292 424947 218 267932 231470 135679 491003 476397 147950 370422 913127 243018 911323 32015 915111 532490
39091 33
10784 310290 958939 20791 315855 39092 92828 248266 886910 32438 570822 158385 412901 625895 287480 997144 503186 935136 181998 384375 547 168902 759398 212076 859651 29732 353633 840838 948101 18744 95647 178343 136799
136510 45
390146 37792 261418 4410 9912 303566 91546 174422 825804 963932 217530 2417 401614 171209 958119 89047 604744 384691 4273 677 952693 71012 909950 870530 232013 376170 160574 944222 593625 18175 106178 205156 2419 733271 74506 91786 821880 438212 36594 751326 302596 507908 996041 402762 935469
84581 84
607236 60067 109 579768 17907 177306 41445 618908 445669 719103 34599 458 41133 130795 13988 765384 11248 48956 572872 178031 272141 8165 21657 665393 878970 173565 299962 403 436328 878663 129403 733377 867221 66964 281 13631 622574 671783 16504 457707 582382 406505 3491 314268 292430 42449 185061 172266 707775 143 200618 130252 101769 480919 735003 915131 226486 4951 494607 492478 461901 870 523363 388576 134314 475077 455784 358324 710022 240788 773928 2224 380656 537879 458275 97626 23641 118738 2466 292942 10919 382019 95992 999007
149486 94
387272 467205 374656 52033 72238 270465 416552 6094 256833 116813 399194 534865 744880 101201 1676 797530 835047 412760 393854 822821 462695 998740 66859 146055 60111 56687 235868 154566 559337 508744 596146 505699 739320 738277 24 355336 878841 31431 187132 217 463291 253799 241631 27019 10585 904642 462668 660135 356558 536461 86936 622810 3845 708395 70371 569963 44215 919209 648323 41594 42392 162856 520225 48636 358209 86672 47126 407301 97522 523253 281 584468 790035 977946 110060 37483 505648 950304 19128 521461 496805 198715 156503 546498 226531 184993 275299 999406 43726 144447 316173 867926 776333 466492
141959 19
69948 704049 593646 100183 273413 599775 8218 10272 100 629834 43473 808 943538 100785 51914 96928 663955 464 185417
36469 57
139629 31312 367545 602639 33198 370643 630491 389458 193984 472322 521111 121475 275638 124454 25948 814056 467690 303003 41808 830446 288994 714189 480091 778984 832610 660000 323017 188057 247438 250381 703389 305510 13428 480337 421557 544335 691748 467113 544268 188020 833816 238305 133826 173492 606354 356091 459 92 518461 806722 28674 856856 1352 93587 231642 666166 180375
26363 39
452541 1290 34326 831889 166768 16214 332 490508 467362 180080 10 10216 335536 20534 799602 559852 191078 148798 219931 135739 13267 266416 23830 280081 12759 450081 37248 187246 339196 734940 419042 17579 332830 419 22800 265164 801741 482509 20677
11537 15
27051 771109 98871 395538 671236 171587 410614 2046 21628 248197 70385 267462 264304 92925 478801
52711 39
61246 294986 919718 18083 974030 818 19937 3396 94374 149003 572133 120706 186829 63681 124044 621 193201 57724 549131 237117 549010 43452 450346 73445 474939 557363 115005 927595 53297 116139 330828 15754 295755 109499 98658 114539 943310 640374 48450
12060 67
255950 38694 393132 533 523 594397 182511 730878 73373 471 6003 554698 268493 262004 18471 774602 212778 204637 303537 253286 23945 147082 145629 524851 55641 384561 82572 196232 791596 242879 432751 114486 116983 596602 137688 560822 948674 78459 934693 134341 94887 90375 163974 15290 441861 542255 24133 676 90720 380819 179447 75881 250215 493465 402953 554829 357703 89330 766521 75840 17422 200530 278476 651583 154315 770590 307225
196913 44
554756 768 22907 60239 771513 121883 150761 11896 518651 788238 107290 356619 405153 7586 322828 394156 446276 514598 113352 13566 908625 256612 248924 610879 451523 667315 186618 204143 188779 7303 343941 407183 8921 822416 97202 797386 68382 28480 8139 356685 102681 37852 258019 4800
6964 34
93 54641 61156 3712 510514 355256 436330 684440 676178 586250 89971 333 727011 241128 58240 410422 183753 92870 19230 388773 508055 451425 86368 981368 162851 117983 200587 299851 364364 287592 307517 798780 589448 500982
492 32
40024 147589 183150 669540 272232 196907 737522 137757 917022 306195 564182 188369 142438 5 527612 818879 32747 753301 461050 14609 851869 104779 966103 183390 188254 685328 494511 892162 15852 529335 445406 12156
193262 92
262196 203121 364589 674663 847618 1011 91637 195959 255362 180156 880709 274817 854982 377508 87319 150078 891153 420951 915551 39324 189354 989135 863391 17636 963030 892193 107820 310882 92153 96613 887596 248366 144250 428922 632582 463365 353674 956970 395312 12437 443581 239002 80984 193292 317 445901 126939 10773 665993 68634 1685 421078 48353 64 370099 396 147478 152905 98988 29304 557978 17280 72892 202451 3 765362 824506 892137 990337 114693 14163 765913 589749 293692 105478 121891 46507 464077 120252 90431 566771 698509 183864 14020 379395 24853 767002 997302 276650 734890 318517 146532
81166 14
470575 759809 150252 657267 804787 762556 37910 75627 598273 882081 479 986319 573007 871351
40111 12
154886 29712 356153 881986 962039 90183 716294 938442 530277 1734 1918 204334
55324 97
356837 418082 430406 1735 821994 20521 802168 12 506781 124859 789873 494135 376564 594226 590122 105701 1719 651190 63940 2992 357109 775343 73305 805868 665065 3588 571256 5773 833370 273781 399853 527688 704125 141856 576163 208 317594 845097 58643 91258 564799 120932 631902 61 355867 801181 220209 661544 749798 23624 12211 7152 688457 526094 47391 128709 410648 458103 170565 136500 395777 751818 10031 71353 20134 343404 5076 171935 712491 886789 962841 472434 108680 378578 967739 324851 829809 23340 883494 48342 37060 2755 70157 847124 999174 145786 2290 177078 3609 267324 430907 27204 45972 66598 164144 100808 86235
42333 81
179665 418243 186787 508031 11749 622932 711447 82278 6333 933897 6278 798250 954257 7720 531714 22659 6587 4513 40493 393678 618165 79987 395988 472893 230882 107453 708581 286617 150052 633047 873982 871127 23201 34372 822381 186795 544352 119178 170987 33047 758995 40609 774692 303379 813965 827655 76282 817732 446762 218006 39724 29781 906958 119987 74771 37202 42011 16016 3113 395535 722073 3821 592515 94435 31719 89924 572161 47156 152491 484044 875214 694282 232245 61838 454822 352639 4376 151541 974215 2360 141177
104844 95
431 44891 211045 36649 999300 407460 691496 318317 433241 44201 226975 104796 22216 29748 279309 39212 4197 509453 468967 164158 846525 280 21671 161786 8353 996528 354667 562630 54069 721207 351935 802614 388232 119127 109080 215412 499976 54843 153132 850671 5064 191603 401 166995 12985 863372 24966 160141 937705 33 19281 588208 452375 594728 480636 448592 33120 332688 299499 573592 278 99164 477427 642968 203863 887978 413 480106 291930 84477 205478 106739 469349 944374 57873 667929 589720 124309 94152 340723 936518 14893 128575 23577 125842 234834 151374 226606 496156 566634 247227 1362 786504 157679 279407
80036 19
321168 75291 160837 9985 51925 443642 713193 12466 117904 203069 342563 19008 321444 154552 323565 463447 240945 127361 71011
57572 98
494180 876020 298222 162660 23604 481686 419271 609556 8444 95071 191367 568554 191838 398977 654530 61153 312156 9965 2483 727227 38013 348542 151775 533824 138325 74373 378275 504840 276 958785 356 34372 548372 142876 707405 144597 54717 258490 799314 138287 671722 936527 367747 514986 710116 126490 839942 361012 987178 34747 426391 412696 730432 878674 423235 317816 633465 75613 264001 245668 899679 752170 827849 285442 517268 188394 570642 22490 119172 198032 512450 483692 597506 1225 292958 187435 992453 13645 194172 852588 27779 285758 499920 315268 481935 180235 715137 10764 345422 320466 965924 89636 363764 510955 6577 14923 320305 835879
9708 85
86576 11538 685310 37963 103091 75960 254101 566460 869289 727910 233079 4801 3158 44568 12978 636956 927611 389698 760777 319042 245731 83643 931180 223276 942019 39618 584444 188534 715051 308264 129986 589186 223980 599990 195039 361425 28473 494801 9981 442253 880006 89616 222600 150372 141123 270 146082 578708 81255 347324 137787 227082 37632 870967 97163 773580 339924 173897 554707 563657 5234 43669 320603 147902 13262 432147 36731 685677 86049 203820 272185 2275 20164 14089 54294 388482 924045 74591 16843 575747 11776 409442 603046 554395 89958
7520 51
295658 142086 400673 822280 45124 433797 108756 199406 991643 2719 99545 633693 3360 334068 13191 358176 162813 1 4630 809539 427624 512293 469 51683 235765 787863 239501 65394 157179 940557 236499 232867 2136 847458 421259 647086 42570 607661 544455 587305 494059 409021 356232 848352 341075 377677 121027 54113 35206 16906 934955
160274 71
766720 495182 418884 203729 781815 588601 237022 789492 73950 190631 350607 120311 819713 154762 76292 753202 592598 981759 37496 107128 606 635854 785005 793365 162191 675558 472286 88043 420563 54133 70293 8425 655742 71477 101605 180904 11137 704959 320024 1235 349826 978099 32972 399625 843 44722 325856 690401 57806 99655 1108 383927 6019 346358 581778 972921 448598 124437 328349 212874 461385 554725 434 3926 406314 19902 723023 192223 721 792044 302569
194261 96
511547 943087 101319 5038 534993 3435 281039 138164 580282 261653 482248 201941 11560 984203 61579 197391 4443 29819 108455 308631 496080 889728 676924 3308 123590 25750 353466 277311 10872 211068 78071 377944 230 113627 85725 609476 625906 15520 1384 669851 404412 121046 328282 511494 647571 259191 456153 687358 648700 855358 388918 953016 260 7102 504391 978583 443700 32901 386605 46578 133577 272551 451486 18642 91399 927265 695139 135367 839228 179043 155017 49309 992279 185742 93898 723482 51983 296646 760058 896159 295453 504125 628 979216 393144 132478 958242 479238 62878 761635 427968 56647 84325 39386 7806 1114
47904 86
790607 258567 50593 143593 192009 218098 72421 986621 220965 240018 189731 449569 192169 459356 674742 517668 353462 258888 73280 805525 5269 351108 369308 355616 130944 102048 2353 655610 142164 540091 526406 35822 751575 212699 104838 979895 188812 253461 262217 30735 1564 1224 164 95037 59279 890917 223255 22320 4053 667794 324694 702165 1113 71939 82685 32231 258429 586086 129200 243646 9201 663205 632245 255377 86561 114941 694717 302457 22028 107804 95840 7707 380221 223331 876446 748439 445182 69921 981222 487462 887287 56480 846814 82582 404470 593700
72546 77
58941 709 621885 591861 202102 611579 461498 3801 841681 351406 2510 967586 102807 19880 935124 492740 58929 40582 13626 380002 6415 615317 801060 611150 850810 657692 375120 393860 445594 624401 707220 183666 45645 541628 19198 527923 1937 84616 137701 684973 682416 4054 103103 15 918543 579967 983603 712577 749989 33375 14930 23877 65879 700548 1847 867348 40758 105661 324141 252128 583 24842 856583 82640 74994 190871 714895 885661 4843 324995 406423 225426 867862 378136 1156 52622 168006
7579 35
798922 120775 225944 834851 82402 6187 200950 751378 79492 60279 517465 29207 920261 525139 140355 233632 11053 925734 78249 344858 454917 148380 667454 15640 310823 280430 354981 14728 431453 417617 575646 364340 569820 98659 83271
242983 63
303944 345446 2728 591626 600746 854576 347770 1478 466881 18774 753897 238837 294723 26678 10977 286601 776208 898903 197235 266195 886334 363378 990194 40610 680281 7779 689411 2150 172473 16951 12070 543686 116726 409178 551983 398 649040 35874 80887 267224 173641 336545 765695 407742 81586 59441 251144 626865 115980 21548 212030 1538 433664 796243 808949 26011 6921 170522 200416 160577 47494 9841 909851
3699 35
15214 330200 98872 652916 36 900872 21989 297687 946244 30297 689894 472662 800326 112611 290875 66680 20 436356 14598 104084 95691 347989 154341 214800 973874 5246 56416 793118 220219 21693 59216 17102 425957 57118 228651
98832 20
891088 154503 2124 416844 381144 96203 19166 440623 823008 333664 646402 283750 826028 893059 14394 69011 338348 17 467255 346406
150411 91
426142 80061 42930 922809 438698 638948 835896 211747 196635 352325 657450 48963 856779 27174 504868 4944 139010 42421 711956 170336 3495 360572 331929 757076 79082 128859 965191 450235 129393 713940 113392 676204 4004 810280 47641 380261 3927 811839 92264 528563 41473 1306 681953 453432 892897 352537 73320 526784 656858 779032 956503 741848 839736 76809 251691 192514 25187 308448 515207 680449 81920 994625 56046 700195 231076 280003 283027 38618 92762 25236 790970 599976 685405 799463 928161 950676 517818 960487 977911 227838 535473 126315 192202 268993 15462 552017 102113 7955 725717 724083 16764
2067 91
580654 853722 394900 859362 758121 128127 184497 308747 174284 644333 680863 365798 807342 621499 597164 11030 12900 34558 629125 605327 13163 925797 643582 312474 265499 1632 45659 35090 408212 991137 1504 531596 511944 322938 657167 16832 576924 27469 228443 5961 42901 254228 177896 42446 580978 741201 45430 217743 834637 6002 838 740278 23630 729781 43785 227022 291925 591863 468383 637124 973286 245294 176925 77764 997937 29002 238038 320686 17268 857618 8307 42077 54655 271569 819918 38101 470942 388908 3334 703828 932895 880784 72221 5361 93188 462750 829093 63742 3235 373074 3754
28510 65
61507 663471 789681 31850 8399 324309 7731 154565 55637 561441 55713 165821 102061 623770 353728 131668 698192 521530 47868 189001 328797 1782 859927 103810 312057 54416 360765 973362 211996 752412 9050 359011 17044 972861 934565 32957 102828 558036 297883 242283 162988 121 135718 4051 863640 80773 9418 114747 154928 90067 145998 16790 28303 481915 205516 65564 982751 671107 144306 187573 378964 5292 715879 1423 20520
141048 78
1783 5870 853398 25839 134275 43450 606858 274884 120790 58903 872184 873424 557987 392719 314245 484825 872942 212779 80056 85931 889592 231755 87346 988044 295766 373511 645507 938291 446709 945768 62012 473736 37922 25006 32620 313853 653544 768183 79606 8186 775350 102380 29125 143574 304613 65782 3029 69454 935899 194733 488039 20098 12494 503892 354397 123596 621266 8152 29133 35425 278187 678 67771 31267 208852 591455 96294 578772 677768 36446 49054 648331 151220 181936 319615 65511 530744 154712
237509 79
329206 31273 555171 362813 705846 518 394288 119 9942 441169 33701 12908 437435 197214 12506 92028 852 4602 366647 902314 446153 48635 11158 613197 13205 194625 68388 106827 596162 19128 585916 298309 517517 504268 27805 429059 512105 409634 652064 44761 55219 229558 518596 174674 428897 778245 11879 834956 5190 665090 183739 989275 800590 534614 1788 344167 206128 88225 926961 609 639668 71021 439685 687177 324980 20755 611403 298785 71979 236331 43993 591121 200960 1208 109095 235657 277855 586861 671313
33771 11
574152 890169 44783 965465 95012 12308 2138 269819 222422 943253 90
236522 32
269783 334358 41771 82048 197268 855216 169585 5257 991342 437214 710039 502075 204950 270838 52527 838409 1123 355721 32673 739066 81812 553647 974011 350847 575944 128752 14231 114798 733275 609356 68552 246378
196699 43
138380 80428 2894 721159 455856 4573 385733 320665 130388 930694 720844 148683 512808 389 232143 231249 676330 35951 787670 109412 10290 42933 12085 674071 426231 571178 55464 627026 469017 406544 662330 15216 697228 449235 745721 828740 423225 761 81080 919816 660173 335918 758250
74670 93
291881 47699 150781 45116 30955 340511 679628 317196 986853 110882 210573 15088 205249 177435 68721 17031 307642 313541 842394 240260 463440 131221 28090 438094 25023 301405 857108 969752 149578 812217 682660 695536 824944 503904 947737 20728 112248 461325 146032 61010 863130 205076 175466 323345 736648 175718 655139 842352 666914 268441 49183 743637 642 715100 5658 802458 120930 18141 82147 564073 2 412919 230398 938606 892607 518320 1754 112873 42000 110130 28182 83550 126107 706655 61488 348755 70958 44907 793514 17475 847325 5200 820769 630739 588549 823555 948882 446182 160724 989824 568762 509870 111481
142908 57
701620 536623 5913 115389 521076 395512 688293 787 655344 641242 469362 182557 855924 313451 11587 603955 854594 779096 136687 76548 194 9898 194191 658493 629923 6507 78201 498583 129027 970250 521830 384993 95658 196348 248018 372590 779536 293442 598133 4477 762639 110403 493777 502009 265550 925462 466176 571931 59412 107765 684119 493837 34054 636545 391874 96893 946014
107 55
102027 7805 797051 207689 268500 551218 390233 305492 436124 4317 165525 390335 96768 6181 216042 625217 135867 433239 49670 744160 50366 201472 252151 235870 639011 928508 875573 239599 89339 422535 251227 187129 729176 133800 370430 104657 675919 19297 20504 593401 79193 252212 693538 45564 99130 79935 707848 394575 170681 215227 445934 98210 123368 95341 4
425 35
612024 948539 406683 160607 498801 622767 22897 75173 159373 110870 276825 245253 602442 90358 50838 473581 573734 33363 170845 661539 224 23449 20975 685911 4968 612885 29155 373620 60775 863501 236528 156339 311757 724756 2501
70142 65
96526 467405 422802 348507 113737 306876 49311 82439 11125 839915 660652 86231 104260 55952 989940 699613 550113 54149 268870 230586 515529 600280 310280 260752 22461 143797 33954 106803 231499 62080 789966 254675 224437 60455 151995 4856 33891 295902 918323 260255 893099 196511 545252 90 3558 590883 570614 162790 169070 155409 914345 60158 599930 963348 69745 437995 309312 16143 20911 299129 34664 68831 2 885031 230662
240753 19
773197 190141 908991 338 883518 817459 613680 489514 294241 371323 326179 114148 229381 822224 512868 39335 46628 1243 9684
370 43
72323 106848 721680 44148 911 433329 345641 25349 11721 540212 74925 745746 439964 12651 62315 1159 220793 286896 13071 965454 515504 861022 75041 33326 199791 855989 117270 993734 419852 72071 86142 206767 158566 183903 126 641551 24 850150 597245 259546 11041 631675 52416
162211 68
279334 602180 561978 30090 325983 318601 189055 37835 435219 62047 473256 5749 29289 25659 680 280754 132441 75238 769053 132725 499356 216628 2672 338156 467129 783516 603351 219591 467624 240980 638104 470594 22568 44187 611968 254090 255124 80724 222592 244874 312044 201839 252189 37681 315006 1326 556451 427311 22121 33949 830839 243609 515227 15997 700964 657394 85 216145 111445 499196 226282 792836 1077 708601 113217 274614 446905 314366
199031 24
752059 323881 784328 24786 269804 571014 80824 299752 87074 393500 875110 9144 922453 817874 475227 239818 983133 447501 237964 863175 911788 8142 2799 745007
151 91
7349 937579 54485 174524 838526 8595 926629 44508 938095 283529 17406 560300 141236 366424 326272 131047 127901 106233 580229 192948 16785 632886 692618 290926 531827 464609 89694 50486 850031 351782 744688 160623 71993 487020 142366 4338 817117 892531 23448 251843 3963 1062 122127 87608 127393 41254 14847 315346 120193 849158 505147 650486 467457 14605 9850 544345 61342 420355 4551 692374 162343 5676 51575 870316 56847 16 223422 296097 556951 313557 1932 375565 50724 55733 231480 69466 693168 133348 530980 857465 930657 649302 206713 233116 18014 664697 485 4002 826018 197012 677349
183965 48
570496 848129 8892 25647 486659 80545 20628 1373 901446 111697 188734 267242 132346 43517 2570 90777 33324 38107 13185 51940 407373 430297 568205 756 382392 136828 164829 270103 49142 133540 583209 749672 279480 605149 7519 850576 36303 272057 8466 431955 290822 649 629875 730276 49053 337929 242261 321651
18949 78
81109 856447 59038 646872 352820 150316 666 632168 118900 784261 347863 186727 535173 138966 828021 531732 806571 224859 10496 40709 27086 138177 328113 119884 230572 149721 28574 492614 926039 274537 132071 7609 209406 289448 199200 351235 71698 156212 187743 347842 78647 72755 308593 356219 676706 131359 850430 26097 447105 98 110717 47994 356291 164992 1817 449398 147107 561577 945792 57735 381164 513474 75288 573465 116 332690 79759 17085 729985 168130 89574 2631 143866 219917 51338 722786 247092 899228
221458 58
85539 232067 972898 840514 976931 694316 193292 570591 444716 703663 670302 70592 359 17904 160683 202753 19726 383075 68079 165406 1461 701164 671429 377397 94793 144843 461449 56692 638514 213222 414089 283566 305 61392 59907 290234 210184 264984 327506 987 585105 541488 130399 68299 432397 638015 322873 680869 330657 884206 108548 87950 3665 14520 10050 793070 346467 272739
248972 75
607580 4618 215443 248111 726 774704 10015 903678 98874 9932 38126 40961 208854 723266 652668 21441 8136 351996 336609 665821 526496 390874 514333 40006 744730 748646 752620 775208 412952 641176 508330 284950 611603 22472 522307 658922 198341 147226 235809 4185 231421 7734 34565 909424 97782 2772 281323 239792 483875 60136 751416 552226 292123 80738 299425 36 243387 477803 279430 285040 464675 185 867648 637 399980 289163 53723 487397 64936 177430 548899 11319 462573 29239 795072
28969 42
768446 853410 356395 936712 727173 2298 289640 8407 497788 165381 392950 593123 290543 354494 641234 147618 226253 492806 454921 796159 491296 795014 270189 561259 113492 265249 553134 327687 321034 103129 885992 367774 160760 126839 928090 357759 79642 119737 60842 305467 414398 187407
117138 26
76326 968332 418 75414 465734 129036 483340 684247 778037 405542 1757 73299 59092 189744 35351 61296 110489 157745 7299 317847 10042 83555 1 682836 473026 381988
41870 91
26304 18498 433761 108120 95594 843912 576068 370392 231923 107387 421602 53616 161407 162634 639146 1652 226549 228446 122818 141397 935895 879234 1820 25890 382292 560503 213700 97962 439 334510 916693 67572 422487 780512 362006 298062 199290 379833 5298 108010 943728 825544 6526 951153 794074 336559 879248 756464 67785 373116 565956 444001 938412 154144 299 958833 426711 424459 453679 601191 704811 893287 852417 408015 343360 876936 147886 119464 999214 402242 197533 458886 193325 121315 853397 3657 61443 29662 16758 958051 839879 135853 188689 955797 363210 74071 194 75097 310222 4695 570210
88535 25
237979 30054 803591 85122 15558 370969 60214 853573 320869 23653 511058 422612 262775 688423 893348 22042 357093 64627 951351 616591 522160 694787 642660 118785 350810
127765 92
1435 597 18307 722144 665673 662441 13889 418397 44598 626752 352408 446776 194410 877765 37 44764 849934 33961 264625 387029 961595 391999 178055 23243 62319 86265 77203 31 142747 536493 190657 586882 640077 102504 219612 669291 108601 198013 122503 558328 292656 118436 152073 568601 942402 6316 730804 194881 58455 57 385183 294403 312201 18902 2592 686978 258848 267872 931144 849397 343454 427518 546978 252451 45858 21177 462412 160840 56535 11868 352581 3111 337281 33472 32449 55670 226261 11 185799 528830 13681 31011 22051 269319 314667 512223 201344 650435 623397 6865 223286 281752
58828 25
9455 746006 173716 680834 995979 986 9099 676955 205384 750797 449799 2268 103395 182703 480648 443346 3474 35700 64919 219406 35432 134170 453557 259394 77806
11 14
13552 954633 7516 212297 102544 356257 60340 260808 26756 387853 278567 37003 373013 316762
50733 47
486848 843488 103834 3953 125605 211996 988612 59 852338 98348 957330 338318 370526 507440 713439 166719 198906 78192 483925 77430 413954 124667 76147 945546 476363 143181 903640 171478 356364 268430 750 460898 17409 53710 142839 988844 113785 118107 316261 146368 967722 262501 107659 708369 638183 442329 773886
101235 48
951545 67031 7265 222668 168061 859967 302641 305559 160637 419804 694045 381771 748109 744988 12708 4179 41951 19602 479035 583401 543803 815156 323761 7285 146735 2148 469666 323454 711040 157973 549388 620523 10207 571959 843544 119612 13089 691201 716473 20037 96480 200487 179679 112295 396691 445493 180727 259183
4095 45
168874 37037 305365 80458 688151 23660 794128 13820 109845 14593 24490 33570 52521 260948 520753 234 82945 353147 902495 815728 472521 792751 16900 298426 48205 820365 370027 690580 66455 838947 332927 59329 10191 156769 943983 4103 456612 788628 271974 6986 15649 34667 11316 359498 400932
83549 47
182240 11678 38532 364528 713859 918 35197 41297 420191 528 185666 587591 1673 170878 430779 110178 13274 680506 984351 1628 667855 198366 1456 14217 865619 213074 743138 213857 357339 984009 6354 644171 818537 106496 5 712996 348961 644104 253124 442347 175888 12279 147377 507672 982529 25062 648562
94051 48
479 227142 58789 68552 196808 252689 855618 559440 748582 541515 18461 224636 24287 282364 247399 78283 185935 459761 211816 79239 286318 69375 70914 550245 9829 142077 194744 5464 274226 979246 894598 114092 158675 354433 112064 806347 332570 903639 368664 21873 568679 822881 71893 700390 123965 540753 279507 167682
7843 18
957546 12451 517453 554245 26902 187888 54352 173544 2480 317060 1043 316488 371801 446607 378598 989323 4 372667
207795 80
633632 25766 576956 792986 749216 968333 558755 33459 142788 7995 45754 3698 623706 113597 842893 365574 793989 27672 696 14360 490554 174632 63164 1237 46714 670184 84705 6247 762 686813 956381 418442 339269 6292 709361 872161 119809 731003 294188 178611 496153 637365 488707 875493 890688 554451 843667 119686 338559 631320 454469 7799 123591 95368 97728 625488 5239 63374 59021 11163 557250 8538 82117 60199 144375 80010 81080 765643 789632 11669 89235 90446 97480 288602 288559 604596 107313 701640 36833 324876
32542 41
441413 136775 78083 30 284581 159850 13584 168272 455526 458923 910970 355201 25308 245775 139205 507465 724262 49886 141181 11195 21145 601512 783451 364531 588740 205751 124858 29206 1045 85163 217907 831907 484312 83446 144966 650410 4448 690299 3224 28242 398881
613 98
849077 658973 590103 749327 446 15983 24724 601384 754557 195226 102 339044 297805 404733 13978 140730 390400 512015 122002 440117 130351 825 2339 680540 479340 287329 316 224309 607904 3736 305267 763360 1888 37328 910286 61543 203486 673132 23232 167847 466481 167672 718692 401939 873475 150054 703665 70853 356788 784538 40203 200156 6161 174906 403173 575303 568820 522019 361255 105687 527793 222013 230525 514192 244508 10681 399769 200960 661875 288 133245 129075 247749 509557 983760 368443 851465 459340 380649 857008 78592 81940 335161 124237 548910 315690 966397 146469 120445 70562 561722 39917 880427 46952 191194 791443 146041 216949
18152 49
60962 135339 271550 280249 477391 135146 642433 990202 104750 4933 697196 130629 18174 47581 2054 590902 877450 351505 10840 428163 654650 32775 550640 239528 249458 239081 219234 7811 48540 14186 115582 82407 522393 325976 80679 60235 311992 6504 994492 234450 38340 103772 125942 247100 46674 571515 734665 877922 1142
75189 76
895422 199212 27886 860507 175444 728532 8583 415952 620972 822133 263313 4434 15274 204315 778005 225703 858084 240052 250744 523966 320324 866791 260910 150757 888774 197488 427544 952449 460051 459489 813766 87279 640610 283 814702 746394 722605 158141 215476 574579 15531 39424 45379 11396 507297 65191 92334 908361 328782 824845 180820 83907 770128 284229 327145 705286 123407 66145 65521 826895 597758 327557 798533 718358 777276 931497 649259 47150 388097 140689 794993 995219 595748 112376 578909 255553
126086 60
461771 141931 46004 472993 203767 661113 9113 155875 2874 785 908942 859032 81898 288880 199235 619685 95684 136263 62861 2985 56524 142255 23566 773580 885636 12313 255 541597 23909 296662 384325 95143 505454 130324 28419 690928 956601 1778 8055 20167 409508 1725 83018 223765 224892 45185 173143 488224 408301 982781 415 788927 871031 418172 22529 75295 95804 139590 445 891399
150886 31
156520 121617 864474 760292 198754 320533 230474 405842 599123 153710 15759 30809 147375 518619 34226 253831 161481 451535 618105 202753 672190 696908 36901 2100 458838 2019 16142 883537 15006 9165 564202
104431 68
606553 39715 330289 669416 975474 70242 197262 379837 375885 102884 177393 146924 163599 148104 54450 31883 446012 517389 390951 38431 380759 171135 84583 55424 501186 101563 421636 463781 361777 28355 652481 438916 228071 859464 446542 339465 253 225652 2090 31109 94775 18119 673128 79614 846261 324629 447552 486819 825330 459406 18071 315844 888794 120598 489373 840391 672428 99727 12227 425374 650939 29914 113814 951996 53039 638046 3061 492650
69805 86
967548 418326 665452 251650 111123 3476 793771 523351 614962 576631 158304 11378 80346 75771 163003 132420 433940 6839 256111 452119 318771 380326 884958 516560 463738 366126 643495 592371 164291 684456 10427 955918 441405 43026 722604 282596 305670 858285 104397 28937 607520 653462 49607 687146 104552 301395 202495 229939 199430 3799 929897 277054 714958 81935 269816 156022 68145 15334 186952 342206 28974 17510 23247 565750 186014 74765 214754 1989 196016 756188 712273 889306 142160 291824 893748 451463 125072 266422 366847 221636 1224 917674 242924 278551 329316 202750
1600 92
2702 4880 283796 214206 576354 691557 395807 21922 33724 93972 700359 190005 464272 111990 476016 883322 425002 451411 330372 375981 144349 631431 216977 522604 445608 399091 149383 224526 6595 734020 867379 329144 754545 380433 83286 519980 429630 50233 629025 227775 887604 30807 726906 664571 782951 732008 873256 6706 542407 115073 86485 157420 3908 448658 231545 387007 2544 86377 110680 61337 149321 17935 330265 516088 729647 245446 491189 329179 278358 9876 101818 35706 60274 33812 472341 2700 405906 44630 45371 264318 386709 28711 3602 516336 43767 769767 958987 933094 355961 2235 201563 4830
49 20
294826 46617 311478 46735 63950 801589 26224 309232 931774 372567 5964 421964 197731 248529 230785 12291 23968 150200 47498 474680
108526 55
336434 145304 782985 669948 103563 374780 61445 948437 59373 117399 38056 29810 62740 64746 93011 680757 244814 243950 406893 393311 991935 699807 759702 682556 481398 75161 157266 903956 691895 28495 477788 276600 565536 130019 14082 1133 899918 681272 56406 740227 70 746309 225970 763900 668863 14421 268501 3709 7654 668179 943768 624915 962867 402147 92475
138321 54
501109 289389 54 384825 172932 155173 748675 310545 655334 180115 61187 45757 504290 13916 87547 47838 685297 26341 273750 29487 357308 602680 582016 217095 610270 978314 156486 942628 338131 578273 15140 357778 713923 815332 270039 5069 177973 27872 616596 23217 566075 8641 725207 31508 363240 179868 82552 177434 874275 153832 138836 3093 694 31066
15273 94
204 840183 63259 225254 593248 17388 638871 788160 961105 254391 318948 26797 39113 513668 287823 57277 959071 98195 800163 58361 866296 581237 867951 17682 439639 977516 33833 52944 9962 12355 52635 841508 832139 356176 363514 911990 53263 78450 718689 619 623941 42545 148639 533028 7355 115132 785147 167356 42235 997182 309990 321396 1383 159351 232149 50137 345851 718744 572329 4025 10803 306824 2487 291061 756697 87244 35972 83455 358268 20315 600274 173547 276256 260731 823134 63495 298664 269239 341082 271939 451942 16062 431717 107138 115462 409231 372830 883286 6956 4706 1700 630652 983681 413560
29319 50
942292 9035 594221 249669 340550 749722 29756 358746 414227 152015 234280 241613 181920 151346 300752 207365 242791 819281 287539 659234 385135 5701 469057 678652 945430 945011 516279 3911 13271 720764 190752 870580 804516 108090 627847 3774 982941 10175 227495 524 47 3329 6473 438595 119235 276161 386911 21327 46903 630170
239 81
915382 348892 308725 264705 46801 70484 489275 57 277087 159939 140618 55819 169127 129059 859371 824915 215131 63565 83754 68647 513664 667264 166174 346638 900999 798228 87812 714778 146691 182503 80965 604100 73094 21336 60136 717841 407004 968894 245203 119988 32594 9718 317160 944289 101237 706706 571120 652357 116076 904255 170588 59663 530656 2391 958791 76100 239908 821350 937898 775751 850629 91 300 218923 686 579425 59567 610528 459288 210703 99118 105870 159327 378393 938239 467089 296945 5560 754362 745923 683935
