100
3 8
5 6 9 4 8 2 1 7
3 1
2
3 10
2 4 8 16 32 64 100 100 100 100
3 10
1 4 4 4 4 4 4 4 4 4
100 1
100
3 5
11 20 60 22 100
2 10
100 100 100 100 100 100 100 100 100 100
3 5
100 100 100 100 100
3 4
1 6 12 49
2 6
9 64 19 16 81 80
1 10
100 100 100 100 100 100 100 100 100 100
1 10
1 1 1 1 1 1 1 1 1 1
18 4
1 40 12 24
21 2
26 77
23 7
53 34 39 7 24 24 8
1 6
31 59 37 53 17 22
17 9
16 42 3 29 67 17 10 25 37
1 4
9 8 43 55
2 8
49 81 20 45 55 11 3 32
16 3
36 3 3
9 4
2 6 6 54
18 6
92 8 20 1 3 44
16 7
6 83 88 59 73 44 15
1 9
1 62 56 46 26 10 26 2 1
14 9
32 68 59 57 57 3 55 78 43
19 7
39 1 49 28 3 80 9
1 4
5 21 2 41
1 4
31 49 1 38
1 8
4 80 93 80 3 1 51 11
22 6
2 95 1 55 65 4
19 8
2 1 11 2 43 1 5 70
11 4
13 12 35 54
4 3
7 5 1
2 9
16 80 26 6 1 66 19 50 18
11 3
91 1 21
1 9
1 28 40 8 71 70 1 28 2
19 8
4 83 10 26 9 1 80 14
16 4
65 49 16 14
3 3
54 16 61
22 2
16 16
12 7
47 43 7 13 48 14 6
25 3
16 6 1
15 1
68
14 7
2 4 5 2 7 5 63
3 3
61 4 2
4 9
43 52 1 3 5 1 33 35 56
1 5
42 34 14 11 62
1 3
92 45 19
1 3
33 1 32
1 5
21 73 29 27 46
5 5
5 20 30 61 1
1 2
1 52
24 6
93 3 4 3 32 33
20 4
91 18 75 47
4 5
71 67 26 1 89
15 5
1 23 77 10 38
1 6
72 8 35 24 57 2
2 3
67 11 72
1 9
7 74 7 74 8 78 1 74 75
2 1
72
16 3
55 69 90
11 8
10 7 10 90 1 99 1 76
19 8
45 13 3 1 80 44 17 69
3 7
49 69 63 71 84 39 90
7 9
6 10 2 53 61 49 56 55 5
11 9
15 69 28 24 1 2 45 46 91
24 5
49 80 18 9 50
1 7
50 10 79 23 13 37 26
2 1
13
11 1
27
2 2
20 39
11 6
12 19 2 1 2 39
21 2
42 94
1 5
55 86 1 41 2
12 8
75 37 21 83 86 56 90 1
6 1
42
11 3
12 39 5
1 3
66 2 2
2 9
1 94 77 1 5 44 89 2 9
1 2
15 88
1 2
61 1
2 8
99 1 1 2 42 2 1 74
14 3
47 1 5
2 4
1 34 74 61
6 9
1 77 5 29 11 1 4 30 1
10 1
38
5 3
36 11 97
17 9
46 10 51 6 8 18 30 87 43
6 2
2 21
1 2
40 87
1 5
74 55 86 68 6
8 7
14 21 1 1 8 28 50
3 4
55 93 25 7
1 7
73 20 30 35 69 1 10
15 7
17 19 7 3 11 33 92
25 8
1 98 10 10 14 32 17 33
7 8
1 96 16 41 1 73 58 12
4 6
12 2 14 34 55 62
14 6
19 68 1 6 11 5
6 5
75 1 84 46 17
