100
3 1 5 15 13 11
3 0 8 23 22 21
2 1 5 11 12
2 1 10 26 27
3 0 8 21 20 25
2 0 3 21 17
3 0 2 2 3 3
3 0 9 23 6 10
1 0 4 8
3 0 6 17 29 7
3 3 2 23 27 4
2 2 3 15 11
3 0 1 18 6 27
1 0 10 26
1 1 2 7
1 0 10 30
1 0 4 8
2 1 9 11 12
2 0 9 5 1
1 0 7 18
3 3 6 25 22 21
1 0 10 26
1 0 8 20
3 0 9 4 11 15
3 0 10 25 25 5
2 0 9 20 23
2 0 9 19 15
3 0 6 8 24 17
2 1 5 11 11
3 1 5 26 3 20
2 0 8 20 23
2 1 8 21 16
1 0 5 12
3 0 10 4 27 4
3 3 8 8 8 8
1 1 8 9
3 3 8 3 17 7
1 0 8 21
3 1 8 21 20 18
2 1 6 15 15
3 3 0 21 21 19
3 0 3 16 23 24
3 1 6 15 19 14
1 0 6 15
2 0 3 30 16
1 0 7 18
3 1 7 5 11 22
3 0 3 9 14 26
3 2 2 2 3 3
1 0 3 5
1 0 3 23
3 0 3 28 6 6
3 0 7 5 16 12
2 1 4 8 9
2 0 2 1 14
2 0 4 14 4
2 0 2 3 4
2 1 10 6 6
3 3 8 7 15 22
1 1 3 3
3 0 8 19 10 10
1 0 5 12
1 0 2 1
1 1 1 24
3 0 3 6 29 20
3 3 1 4 19 22
3 3 6 27 12 8
2 0 5 11 11
1 0 4 21
3 1 7 15 29 27
2 2 6 10 6
2 0 3 6 17
3 0 8 21 20 21
1 0 8 20
1 0 0 0
2 0 10 27 8
3 0 0 30 30 30
3 0 1 0 0 0
1 0 9 23
1 0 9 24
2 0 1 30 0
2 0 4 8 8
1 0 4 8
1 0 6 14
1 0 7 26
3 0 6 11 15 5
3 1 2 2 3 30
1 0 3 5
3 0 7 18 14 17
1 1 9 16
3 0 8 12 25 30
3 0 4 9 22 15
1 1 3 8
3 0 5 10 5 13
2 0 5 16 22
2 1 1 0 21
1 0 6 14
1 1 2 11
1 0 10 2
1 1 9 4
